,ask,bid,change,contractSize,contractSymbol,currency,expiration,impliedVolatility,inTheMoney,lastPrice,lastTradeDate,openInterest,percentChange,strike,volume
0,168.95,167.3,0.0,REGULAR,TSLA191129C00190000,USD,1574985600.0,1.4960962695312499,1.0,157.8,1573591257.0,2.0,0.0,190.0,6.0
1,158.95,157.45,0.0,REGULAR,TSLA191129C00200000,USD,1574985600.0,1.3847687011718748,1.0,132.32,1572275774.0,0.0,0.0,200.0,2.0
2,153.95,152.3,0.0,REGULAR,TSLA191129C00205000,USD,1574985600.0,1.3300814746093748,1.0,116.59,1572024615.0,6.0,0.0,205.0,6.0
3,144.0,142.4,0.0,REGULAR,TSLA191129C00215000,USD,1574985600.0,1.2695349023437497,1.0,82.9,1571851076.0,20.0,0.0,215.0,150.0
4,138.4,137.95,93.16,REGULAR,TSLA191129C00220000,USD,1574985600.0,1.0000000000000003e-05,1.0,139.0,1574189420.0,0.0,203.22864,220.0,2.0
5,136.0,135.4,0.0,REGULAR,TSLA191129C00222500,USD,1574985600.0,1.0000000000000003e-05,1.0,110.2,1572273842.0,0.0,0.0,222.5,2.0
6,133.8,132.45,0.0,REGULAR,TSLA191129C00225000,USD,1574985600.0,0.8437515624999999,1.0,126.5,1573846444.0,42.0,0.0,225.0,2.0
7,131.0,130.2,0.0,REGULAR,TSLA191129C00227500,USD,1574985600.0,1.0000000000000003e-05,1.0,106.0,1572273840.0,2.0,0.0,227.5,
8,128.85,127.4,0.0,REGULAR,TSLA191129C00230000,USD,1574985600.0,0.9648441015625,1.0,110.35,1573151437.0,21.0,0.0,230.0,5.0
9,125.85,125.15,0.0,REGULAR,TSLA191129C00232500,USD,1574985600.0,1.0000000000000003e-05,1.0,117.8,1574109115.0,19.0,0.0,232.5,3.0
10,123.7,122.65,6.7999954,REGULAR,TSLA191129C00235000,USD,1574985600.0,1.0000000000000003e-05,1.0,122.45,1574184394.0,191.0,5.8798056,235.0,1.0
11,121.45,120.2,0.0,REGULAR,TSLA191129C00237500,USD,1574985600.0,1.0087940185546875,1.0,111.6,1574104262.0,19.0,0.0,237.5,1.0
12,118.4,117.9,3.3499985,REGULAR,TSLA191129C00240000,USD,1574985600.0,1.0000000000000003e-05,1.0,115.0,1574182281.0,0.0,3.0004463,240.0,3.0
13,116.0,115.15,93.700005,REGULAR,TSLA191129C00242500,USD,1574985600.0,1.0000000000000003e-05,1.0,115.55,1574188232.0,0.0,428.83298,242.5,1.0
14,113.9,112.45,0.0,REGULAR,TSLA191129C00245000,USD,1574985600.0,0.8964854101562498,1.0,104.02,1574105184.0,0.0,0.0,245.0,1.0
15,111.35,109.95,0.0,REGULAR,TSLA191129C00247500,USD,1574985600.0,0.8164080859374999,1.0,96.89,1573228910.0,0.0,0.0,247.5,1.0
16,108.9,107.5,1.4700012,REGULAR,TSLA191129C00250000,USD,1574985600.0,0.8535170898437501,1.0,100.48,1574174501.0,74.0,1.4846997,250.0,1.0
17,106.05,105.15,0.0,REGULAR,TSLA191129C00252500,USD,1574985600.0,1.0000000000000003e-05,1.0,98.85,1573665641.0,275.0,0.0,252.5,5.0
18,103.35,102.9,9.199997,REGULAR,TSLA191129C00255000,USD,1574985600.0,1.0000000000000003e-05,1.0,104.0,1574188813.0,1204.0,9.704638,255.0,7.0
19,101.4,100.2,0.0,REGULAR,TSLA191129C00257500,USD,1574985600.0,0.79101771484375,1.0,93.02,1574091151.0,0.0,0.0,257.5,5.0
20,98.9,97.85,0.0,REGULAR,TSLA191129C00260000,USD,1574985600.0,0.7695335546875001,1.0,89.52,1574103536.0,0.0,0.0,260.0,25.0
21,95.9,95.1,0.0,REGULAR,TSLA191129C00262500,USD,1574985600.0,1.0000000000000003e-05,1.0,78.18,1572270312.0,0.0,0.0,262.5,2.0
22,93.6,92.65,0.0,REGULAR,TSLA191129C00265000,USD,1574985600.0,1.0000000000000003e-05,1.0,86.74,1573842610.0,0.0,0.0,265.0,6.0
23,91.3,90.05,0.0,REGULAR,TSLA191129C00267500,USD,1574985600.0,0.5468795312500001,1.0,68.05,1573223400.0,14.0,0.0,267.5,1.0
24,88.65,87.85,8.849998,REGULAR,TSLA191129C00270000,USD,1574985600.0,1.0000000000000003e-05,1.0,88.5,1574187828.0,96.0,11.11111,270.0,2.0
25,86.4,85.2,0.0,REGULAR,TSLA191129C00272500,USD,1574985600.0,0.6689486230468751,1.0,78.68,1573845168.0,17.0,0.0,272.5,1.0
26,83.45,83.0,5.5,REGULAR,TSLA191129C00275000,USD,1574985600.0,1.0000000000000003e-05,1.0,79.9,1574182392.0,0.0,7.3924727,275.0,5.0
27,81.55,80.15,0.0,REGULAR,TSLA191129C00277500,USD,1574985600.0,0.708010732421875,1.0,70.7,1573491973.0,14.0,0.0,277.5,6.0
28,78.4,77.9,-0.44999695,REGULAR,TSLA191129C00280000,USD,1574985600.0,1.0000000000000003e-05,1.0,69.0,1574175084.0,604.0,-0.6479438,280.0,1.0
29,76.35,75.0,0.0,REGULAR,TSLA191129C00282500,USD,1574985600.0,0.5468795312500001,1.0,69.53,1573669687.0,0.0,0.0,282.5,1.0
30,73.85,72.7,2.6800003,REGULAR,TSLA191129C00285000,USD,1574985600.0,0.5293015820312501,1.0,66.8,1574177564.0,0.0,4.1796637,285.0,7.0
31,71.6,70.0,0.0,REGULAR,TSLA191129C00287500,USD,1574985600.0,0.6401403173828125,1.0,48.1,1573068822.0,0.0,0.0,287.5,1.0
32,68.8,67.75,9.909996,REGULAR,TSLA191129C00290000,USD,1574985600.0,0.4062559375,1.0,69.81,1574187116.0,225.0,16.544233,290.0,2.0
33,66.45,65.3,0.0,REGULAR,TSLA191129C00292500,USD,1574985600.0,0.5400436621093752,1.0,54.99,1573750056.0,95.0,0.0,292.5,1.0
34,63.85,62.7,5.169998,REGULAR,TSLA191129C00295000,USD,1574985600.0,0.45703667968750006,1.0,60.12,1574182391.0,0.0,9.408549,295.0,2.0
35,61.25,60.25,0.0,REGULAR,TSLA191129C00297500,USD,1574985600.0,1.0000000000000003e-05,1.0,53.73,1573828757.0,111.0,0.0,297.5,2.0
36,58.45,58.15,6.4799995,REGULAR,TSLA191129C00300000,USD,1574985600.0,1.0000000000000003e-05,1.0,56.6,1574183510.0,203.0,12.928969,300.0,27.0
37,56.0,55.45,21.45,REGULAR,TSLA191129C00302500,USD,1574985600.0,1.0000000000000003e-05,1.0,53.45,1574180806.0,39.0,67.03125,302.5,2.0
38,53.5,53.05,12.170002,REGULAR,TSLA191129C00305000,USD,1574985600.0,1.0000000000000003e-05,1.0,54.4,1574187062.0,156.0,28.818382,305.0,11.0
39,51.25,50.65,9.419998,REGULAR,TSLA191129C00307500,USD,1574985600.0,1.0000000000000003e-05,1.0,50.82,1574189496.0,39.0,22.753618,307.5,10.0
40,48.6,48.2,8.66,REGULAR,TSLA191129C00310000,USD,1574985600.0,1.0000000000000003e-05,1.0,48.3,1574189626.0,291.0,21.84662,310.0,12.0
41,46.5,45.3,-0.95000076,REGULAR,TSLA191129C00312500,USD,1574985600.0,0.401373173828125,1.0,37.5,1574174618.0,0.0,-2.4707432,312.5,1.0
42,43.8,43.3,7.1500015,REGULAR,TSLA191129C00315000,USD,1574985600.0,0.257819921875,1.0,42.0,1574183507.0,241.0,20.516504,315.0,10.0
43,41.35,40.95,10.809999,REGULAR,TSLA191129C00317500,USD,1574985600.0,0.3007882421875,1.0,41.53,1574189485.0,175.0,35.188805,317.5,14.0
44,38.9,38.55,8.74,REGULAR,TSLA191129C00320000,USD,1574985600.0,0.309577216796875,1.0,39.59,1574189432.0,0.0,28.330631,320.0,20.0
45,36.65,36.05,0.0,REGULAR,TSLA191129C00322500,USD,1574985600.0,0.35547519531249994,1.0,27.45,1574096568.0,0.0,0.0,322.5,9.0
46,34.3,33.85,8.439999,REGULAR,TSLA191129C00325000,USD,1574985600.0,0.3588931298828125,1.0,35.05,1574189356.0,529.0,31.717392,325.0,35.0
47,32.1,31.5,3.58,REGULAR,TSLA191129C00327500,USD,1574985600.0,0.3742738354492187,1.0,28.0,1574177778.0,52.0,14.660114,327.5,5.0
48,29.7,29.35,9.4,REGULAR,TSLA191129C00330000,USD,1574985600.0,0.3606020971679687,1.0,29.93,1574186151.0,0.0,45.786648,330.0,15.0
49,27.6,26.95,4.3199997,REGULAR,TSLA191129C00332500,USD,1574985600.0,0.372076591796875,1.0,24.97,1574181517.0,122.0,20.920095,332.5,21.0
50,25.2,24.95,7.66,REGULAR,TSLA191129C00335000,USD,1574985600.0,0.35352208984374994,1.0,25.4,1574188759.0,352.0,43.179256,335.0,31.0
51,23.3,22.95,7.380001,REGULAR,TSLA191129C00337500,USD,1574985600.0,0.36817038085937503,1.0,23.03,1574189603.0,166.0,47.15656,337.5,45.0
52,21.2,21.0,7.0099993,REGULAR,TSLA191129C00340000,USD,1574985600.0,0.3632876171875,1.0,21.9,1574189394.0,532.0,47.07857,340.0,630.0
53,19.2,19.05,6.500001,REGULAR,TSLA191129C00342500,USD,1574985600.0,0.3601748553466796,1.0,19.7,1574188834.0,113.0,49.24243,342.5,87.0
54,17.35,17.15,5.5,REGULAR,TSLA191129C00345000,USD,1574985600.0,0.3606020971679687,1.0,17.25,1574189631.0,823.0,46.80851,345.0,966.0
55,15.55,15.35,5.0299997,REGULAR,TSLA191129C00347500,USD,1574985600.0,0.3587710607910156,1.0,15.46,1574189637.0,0.0,48.226265,347.5,287.0
56,13.9,13.85,4.6000004,REGULAR,TSLA191129C00350000,USD,1574985600.0,0.35925933715820313,1.0,13.8,1574189626.0,0.0,50.000004,350.0,1912.0
57,12.45,12.25,5.0,REGULAR,TSLA191129C00352500,USD,1574985600.0,0.36365382446289063,1.0,13.1,1574189363.0,,61.728394,352.5,614.0
58,11.05,10.95,4.4100003,REGULAR,TSLA191129C00355000,USD,1574985600.0,0.3653017572021484,1.0,11.51,1574189462.0,1833.0,62.112682,355.0,1506.0
59,9.75,9.7,4.1000004,REGULAR,TSLA191129C00357500,USD,1574985600.0,0.36652244812011714,1.0,10.3,1574189432.0,,66.129036,357.5,1241.0
60,8.65,8.5,3.1000004,REGULAR,TSLA191129C00360000,USD,1574985600.0,0.37134417724609375,0.0,8.55,1574189683.0,2129.0,56.88074,360.0,1871.0
61,7.6,7.45,3.0499997,REGULAR,TSLA191129C00362500,USD,1574985600.0,0.37390762817382805,0.0,7.6,1574189736.0,157.0,67.03296,362.5,230.0
62,6.7,6.6,2.6,REGULAR,TSLA191129C00365000,USD,1574985600.0,0.37842418457031246,0.0,6.7,1574189598.0,631.0,63.414635,365.0,949.0
63,5.85,5.7,2.3500001,REGULAR,TSLA191129C00367500,USD,1574985600.0,0.38104867004394527,0.0,5.8,1574189641.0,52.0,68.115944,367.5,324.0
64,5.2,5.1,2.0,REGULAR,TSLA191129C00370000,USD,1574985600.0,0.38849488464355464,0.0,5.1,1574189659.0,1302.0,64.516136,370.0,2699.0
65,4.5,4.4,2.04,REGULAR,TSLA191129C00372500,USD,1574985600.0,0.39014281738281253,0.0,4.75,1574189086.0,905.0,75.27675,372.5,456.0
66,3.95,3.85,1.6200001,REGULAR,TSLA191129C00375000,USD,1574985600.0,0.3952697192382813,0.0,3.91,1574189717.0,708.0,70.74236,375.0,1412.0
67,3.1,3.0,1.3,REGULAR,TSLA191129C00380000,USD,1574985600.0,0.4089414575195312,0.0,3.1,1574189586.0,0.0,72.22222,380.0,1571.0
68,2.39,2.34,1.2000002,REGULAR,TSLA191129C00385000,USD,1574985600.0,0.41919526123046874,0.0,2.63,1574189343.0,411.0,83.9161,385.0,571.0
69,1.88,1.86,0.77,REGULAR,TSLA191129C00390000,USD,1574985600.0,0.4321345849609375,0.0,1.87,1574189672.0,782.0,70.0,390.0,593.0
70,1.5,1.48,0.64,REGULAR,TSLA191129C00395000,USD,1574985600.0,0.44605046142578125,0.0,1.5,1574189727.0,0.0,74.4186,395.0,317.0
71,1.24,1.2,0.51000005,REGULAR,TSLA191129C00400000,USD,1574985600.0,0.46326220336914065,0.0,1.21,1574189677.0,3345.0,72.857155,400.0,2748.0
72,1.0,0.96,0.52000004,REGULAR,TSLA191129C00405000,USD,1574985600.0,0.47632359619140624,0.0,1.09,1574189327.0,0.0,91.22808,405.0,123.0
73,0.82,0.79,0.37,REGULAR,TSLA191129C00410000,USD,1574985600.0,0.4904836108398438,0.0,0.81,1574188759.0,261.0,84.09091,410.0,172.0
74,0.68,0.66,0.39000002,REGULAR,TSLA191129C00415000,USD,1574985600.0,0.5034229345703125,0.0,0.72,1574187105.0,257.0,118.181816,415.0,21.0
75,0.59,0.55,0.27,REGULAR,TSLA191129C00420000,USD,1574985600.0,0.5195360546875,0.0,0.6,1574189058.0,473.0,81.818184,420.0,123.0
76,0.5,0.46,0.26999998,REGULAR,TSLA191129C00425000,USD,1574985600.0,0.5334519311523438,0.0,0.52,1574188871.0,170.0,107.99999,425.0,71.0
77,0.42,0.39,0.14999999,REGULAR,TSLA191129C00430000,USD,1574985600.0,0.5468795312500001,0.0,0.38,1574188038.0,296.0,65.217384,430.0,73.0
78,0.36,0.34,0.22,REGULAR,TSLA191129C00435000,USD,1574985600.0,0.5620160986328125,0.0,0.4,1574185832.0,111.0,122.22222,435.0,17.0
79,0.31,0.29,0.07000002,REGULAR,TSLA191129C00440000,USD,1574985600.0,0.5751995605468749,0.0,0.33,1574186116.0,0.0,26.923086,440.0,28.0
80,0.28,0.24,0.16000001,REGULAR,TSLA191129C00445000,USD,1574985600.0,0.5888712988281251,0.0,0.27,1574187413.0,0.0,145.45456,445.0,61.0
81,0.23,0.21,0.13,REGULAR,TSLA191129C00450000,USD,1574985600.0,0.6001016552734376,0.0,0.24,1574189574.0,1053.0,118.181816,450.0,290.0
82,0.25,0.17,0.019999996,REGULAR,TSLA191129C00455000,USD,1574985600.0,0.6210975390625001,0.0,0.19,1574185100.0,,11.764703,455.0,3.0
83,0.21,0.15,0.0,REGULAR,TSLA191129C00460000,USD,1574985600.0,0.631839619140625,0.0,0.15,1574098799.0,,0.0,460.0,20.0
84,0.15,0.14,0.080000006,REGULAR,TSLA191129C00465000,USD,1574985600.0,0.6367223828125,0.0,0.15,1574189325.0,,114.28573,465.0,15.0
85,0.15,0.12,0.020000003,REGULAR,TSLA191129C00470000,USD,1574985600.0,0.6543003320312502,0.0,0.14,1574185775.0,46.0,16.66667,470.0,29.0
86,0.15,0.1,0.06,REGULAR,TSLA191129C00475000,USD,1574985600.0,0.6699251757812501,0.0,0.12,1574183494.0,413.0,100.0,475.0,9.0
87,0.13,0.09,0.030000001,REGULAR,TSLA191129C00480000,USD,1574985600.0,0.6806672558593752,0.0,0.07,1574182289.0,303.0,75.00001,480.0,44.0
88,0.1,0.07,0.0,REGULAR,TSLA191129C00485000,USD,1574985600.0,0.6816438085937502,0.0,0.08,1574184125.0,31.0,0.0,485.0,3.0
89,0.13,0.06,-0.040000003,REGULAR,TSLA191129C00490000,USD,1574985600.0,0.710940390625,0.0,0.06,1574182687.0,24.0,-40.000004,490.0,2.0
90,0.12,0.05,0.0,REGULAR,TSLA191129C00495000,USD,1574985600.0,0.72070591796875,0.0,0.04,1574087400.0,23.0,0.0,495.0,2.0
91,0.1,0.07,0.02,REGULAR,TSLA191129C00500000,USD,1574985600.0,0.7402369726562499,0.0,0.07,1574185572.0,43.0,39.999996,500.0,22.0
