,ask,bid,change,contractSize,contractSymbol,currency,expiration,impliedVolatility,inTheMoney,lastPrice,lastTradeDate,openInterest,percentChange,strike,volume
0,170.1,168.6,0.0,REGULAR,TSLA191129C00190000,USD,1574985600.0,1.9414065429687501,1.0,157.8,1573591257.0,2.0,0.0,190.0,6.0
1,160.2,158.6,0.0,REGULAR,TSLA191129C00200000,USD,1574985600.0,1.8173837255859375,1.0,132.32,1572275774.0,3.0,0.0,200.0,1.0
2,155.35,153.75,0.0,REGULAR,TSLA191129C00205000,USD,1574985600.0,1.7915049487304686,1.0,116.59,1572024615.0,0.0,0.0,205.0,6.0
3,145.2,143.75,0.0,REGULAR,TSLA191129C00215000,USD,1574985600.0,1.6386736816406249,1.0,82.9,1571851076.0,0.0,0.0,215.0,150.0
4,133.45,130.95,0.0,REGULAR,TSLA191129C00220000,USD,1574985600.0,1.0000000000000003e-05,1.0,45.84,1571241236.0,0.0,0.0,220.0,
5,137.7,136.45,0.0,REGULAR,TSLA191129C00222500,USD,1574985600.0,1.5673849755859375,1.0,110.2,1572273842.0,14.0,0.0,222.5,1.0
6,135.1,133.45,0.0,REGULAR,TSLA191129C00225000,USD,1574985600.0,1.4594753588867184,1.0,126.5,1573846444.0,42.0,0.0,225.0,2.0
7,132.45,131.45,0.0,REGULAR,TSLA191129C00227500,USD,1574985600.0,1.4751002807617186,1.0,106.0,1572273840.0,0.0,0.0,227.5,3.0
8,130.05,128.65,0.0,REGULAR,TSLA191129C00230000,USD,1574985600.0,1.4194364965820312,1.0,110.35,1573151437.0,0.0,0.0,230.0,5.0
9,127.6,126.45,0.0,REGULAR,TSLA191129C00232500,USD,1574985600.0,1.431643466796875,1.0,117.8,1574109115.0,19.0,0.0,232.5,3.0
10,125.1,123.75,6.7999954,REGULAR,TSLA191129C00235000,USD,1574985600.0,1.378421076660156,1.0,122.45,1574184394.0,191.0,5.8798056,235.0,1.0
11,122.6,121.45,0.0,REGULAR,TSLA191129C00237500,USD,1574985600.0,1.3715851733398439,1.0,111.6,1574104262.0,0.0,0.0,237.5,1.0
12,120.05,119.0,3.3499985,REGULAR,TSLA191129C00240000,USD,1574985600.0,1.3418001660156247,1.0,115.0,1574182281.0,40.0,3.0004463,240.0,3.0
13,117.55,116.55,0.0,REGULAR,TSLA191129C00242500,USD,1574985600.0,1.3173862255859374,1.0,21.85,1571752416.0,0.0,0.0,242.5,1.0
14,115.35,114.0,0.0,REGULAR,TSLA191129C00245000,USD,1574985600.0,1.3134799951171874,1.0,104.02,1574105184.0,0.0,0.0,245.0,1.0
15,112.55,111.15,0.0,REGULAR,TSLA191129C00247500,USD,1574985600.0,1.2163125122070313,1.0,96.89,1573228910.0,31.0,0.0,247.5,5.0
16,110.25,108.9,1.4700012,REGULAR,TSLA191129C00250000,USD,1574985600.0,1.2353553857421873,1.0,100.48,1574174501.0,74.0,1.4846997,250.0,1.0
17,107.55,106.4,0.0,REGULAR,TSLA191129C00252500,USD,1574985600.0,1.1865275048828123,1.0,98.85,1573665641.0,0.0,0.0,252.5,5.0
18,104.9,104.4,8.099998,REGULAR,TSLA191129C00255000,USD,1574985600.0,1.1923868505859376,1.0,102.9,1574184283.0,0.0,8.544302,255.0,5.0
19,102.45,101.3,0.0,REGULAR,TSLA191129C00257500,USD,1574985600.0,1.1103560107421875,1.0,93.02,1574091151.0,0.0,0.0,257.5,5.0
20,100.25,98.7,0.0,REGULAR,TSLA191129C00260000,USD,1574985600.0,1.1030318286132816,1.0,89.52,1574103536.0,0.0,0.0,260.0,25.0
21,97.15,96.55,0.0,REGULAR,TSLA191129C00262500,USD,1574985600.0,1.05078599609375,1.0,78.18,1572270312.0,0.0,0.0,262.5,2.0
22,94.85,93.95,0.0,REGULAR,TSLA191129C00265000,USD,1574985600.0,1.0339403771972657,1.0,86.74,1573842610.0,0.0,0.0,265.0,6.0
23,92.6,91.55,0.0,REGULAR,TSLA191129C00267500,USD,1574985600.0,1.0388231652832034,1.0,68.05,1573223400.0,14.0,0.0,267.5,1.0
24,90.1,89.0,0.0,REGULAR,TSLA191129C00270000,USD,1574985600.0,1.007329182128906,1.0,79.65,1574110127.0,96.0,0.0,270.0,12.0
25,87.95,86.5,0.0,REGULAR,TSLA191129C00272500,USD,1574985600.0,1.0087940185546875,1.0,78.68,1573845168.0,17.0,0.0,272.5,1.0
26,85.0,84.5,5.5,REGULAR,TSLA191129C00275000,USD,1574985600.0,0.9851075708007813,1.0,79.9,1574182392.0,90.0,7.3924727,275.0,5.0
27,82.9,81.4,0.0,REGULAR,TSLA191129C00277500,USD,1574985600.0,0.9423833886718749,1.0,70.7,1573491973.0,0.0,0.0,277.5,6.0
28,79.75,78.9,-0.44999695,REGULAR,TSLA191129C00280000,USD,1574985600.0,0.8623060644531251,1.0,69.0,1574175084.0,604.0,-0.6479438,280.0,1.0
29,77.5,76.1,0.0,REGULAR,TSLA191129C00282500,USD,1574985600.0,0.8320329296874999,1.0,69.53,1573669687.0,46.0,0.0,282.5,1.0
30,75.2,74.05,2.6800003,REGULAR,TSLA191129C00285000,USD,1574985600.0,0.858399853515625,1.0,66.8,1574177564.0,76.0,4.1796637,285.0,7.0
31,72.85,71.2,0.0,REGULAR,TSLA191129C00287500,USD,1574985600.0,0.8173846386718748,1.0,48.1,1573068822.0,0.0,0.0,287.5,1.0
32,70.2,69.05,9.909996,REGULAR,TSLA191129C00290000,USD,1574985600.0,0.805666005859375,1.0,69.81,1574187116.0,0.0,16.544233,290.0,2.0
33,67.7,66.25,0.0,REGULAR,TSLA191129C00292500,USD,1574985600.0,0.7580590600585939,1.0,54.99,1573750056.0,95.0,0.0,292.5,1.0
34,65.25,63.75,5.169998,REGULAR,TSLA191129C00295000,USD,1574985600.0,0.7360866235351562,1.0,60.12,1574182391.0,138.0,9.408549,295.0,2.0
35,62.6,61.55,0.0,REGULAR,TSLA191129C00297500,USD,1574985600.0,0.72070591796875,1.0,53.73,1573828757.0,0.0,0.0,297.5,110.0
36,59.75,59.7,6.4799995,REGULAR,TSLA191129C00300000,USD,1574985600.0,0.7138700488281251,1.0,56.6,1574183510.0,0.0,12.928969,300.0,27.0
37,57.3,56.85,21.45,REGULAR,TSLA191129C00302500,USD,1574985600.0,0.6691927612304689,1.0,53.45,1574180806.0,0.0,67.03125,302.5,2.0
38,55.15,54.7,12.170002,REGULAR,TSLA191129C00305000,USD,1574985600.0,0.6843293286132813,1.0,54.4,1574187062.0,0.0,28.818382,305.0,11.0
39,52.35,51.7,0.0,REGULAR,TSLA191129C00307500,USD,1574985600.0,0.6118202880859377,1.0,41.4,1574096116.0,0.0,0.0,307.5,6.0
40,50.2,49.8,7.1100006,REGULAR,TSLA191129C00310000,USD,1574985600.0,0.63867548828125,1.0,46.75,1574183373.0,0.0,17.93643,310.0,8.0
41,47.8,46.8,-0.95000076,REGULAR,TSLA191129C00312500,USD,1574985600.0,0.5913126806640626,1.0,37.5,1574174618.0,0.0,-2.4707432,312.5,1.0
42,45.35,44.8,7.1500015,REGULAR,TSLA191129C00315000,USD,1574985600.0,0.5920450952148439,1.0,42.0,1574183507.0,0.0,20.516504,315.0,10.0
43,42.95,42.1,11.85,REGULAR,TSLA191129C00317500,USD,1574985600.0,0.5604292004394531,1.0,42.57,1574187228.0,175.0,38.574223,317.5,2.0
44,40.1,39.9,8.949999,REGULAR,TSLA191129C00320000,USD,1574985600.0,0.5312546875,1.0,39.8,1574187188.0,0.0,29.011341,320.0,17.0
45,38.0,37.25,0.0,REGULAR,TSLA191129C00322500,USD,1574985600.0,0.5151415673828125,1.0,27.45,1574096568.0,0.0,0.0,322.5,9.0
46,35.35,35.05,7.34,REGULAR,TSLA191129C00325000,USD,1574985600.0,0.50586431640625,1.0,33.95,1574185319.0,529.0,27.583614,325.0,32.0
47,33.4,33.0,3.58,REGULAR,TSLA191129C00327500,USD,1574985600.0,0.5035450036621094,1.0,28.0,1574177778.0,52.0,14.660114,327.5,5.0
48,31.1,30.7,9.4,REGULAR,TSLA191129C00330000,USD,1574985600.0,0.5013477600097658,1.0,29.93,1574186151.0,0.0,45.786648,330.0,15.0
49,28.85,28.45,4.3199997,REGULAR,TSLA191129C00332500,USD,1574985600.0,0.48682153808593753,1.0,24.97,1574181517.0,0.0,20.920095,332.5,21.0
50,26.65,26.0,8.360001,REGULAR,TSLA191129C00335000,USD,1574985600.0,0.4735160070800781,1.0,26.1,1574187188.0,0.0,47.125145,335.0,30.0
51,24.4,24.2,5.3999996,REGULAR,TSLA191129C00337500,USD,1574985600.0,0.4554497814941406,1.0,21.05,1574181307.0,166.0,34.504787,337.5,41.0
52,22.2,22.15,7.0600004,REGULAR,TSLA191129C00340000,USD,1574985600.0,0.43836010864257813,1.0,21.95,1574187188.0,532.0,47.414375,340.0,611.0
53,20.2,20.05,6.88,REGULAR,TSLA191129C00342500,USD,1574985600.0,0.4293269958496094,1.0,20.08,1574186916.0,113.0,52.121212,342.5,75.0
54,18.55,18.35,6.42,REGULAR,TSLA191129C00345000,USD,1574985600.0,0.4338435522460938,1.0,18.17,1574187193.0,823.0,54.638298,345.0,908.0
55,16.55,16.55,5.869999,REGULAR,TSLA191129C00347500,USD,1574985600.0,0.4184628466796875,1.0,16.3,1574187127.0,0.0,56.27995,347.5,253.0
56,14.85,14.7,5.6000004,REGULAR,TSLA191129C00350000,USD,1574985600.0,0.4133359448242187,1.0,14.8,1574187171.0,0.0,60.869568,350.0,1718.0
57,13.25,13.15,5.049999,REGULAR,TSLA191129C00352500,USD,1574985600.0,0.40869731933593745,1.0,13.15,1574187112.0,,62.34567,352.5,597.0
58,12.0,11.85,4.77,REGULAR,TSLA191129C00355000,USD,1574985600.0,0.4146787048339844,1.0,11.87,1574187197.0,1833.0,67.1831,355.0,1424.0
59,10.6,10.5,4.4000006,REGULAR,TSLA191129C00357500,USD,1574985600.0,0.41040628662109374,1.0,10.6,1574187212.0,,70.96775,357.5,1005.0
60,9.3,9.2,3.8500004,REGULAR,TSLA191129C00360000,USD,1574985600.0,0.4063780065917969,0.0,9.3,1574187198.0,0.0,70.64221,360.0,1705.0
61,8.2,8.05,3.3999996,REGULAR,TSLA191129C00362500,USD,1574985600.0,0.4063780065917969,0.0,7.95,1574186948.0,157.0,74.725266,362.5,207.0
62,7.3,7.2,2.9,REGULAR,TSLA191129C00365000,USD,1574985600.0,0.4107724938964844,0.0,7.0,1574186948.0,0.0,70.73171,365.0,855.0
63,6.45,6.35,2.8,REGULAR,TSLA191129C00367500,USD,1574985600.0,0.41358008300781246,0.0,6.25,1574187033.0,52.0,81.15942,367.5,259.0
64,5.55,5.5,2.5500002,REGULAR,TSLA191129C00370000,USD,1574985600.0,0.4105283557128906,0.0,5.65,1574187216.0,1302.0,82.25807,370.0,2363.0
65,4.95,4.9,2.1399999,REGULAR,TSLA191129C00372500,USD,1574985600.0,0.4170590521240234,0.0,4.85,1574187086.0,905.0,78.96678,372.5,435.0
66,4.3,4.2,2.04,REGULAR,TSLA191129C00375000,USD,1574985600.0,0.41809663940429687,0.0,4.33,1574187197.0,0.0,89.08297,375.0,1281.0
67,3.35,3.35,1.54,REGULAR,TSLA191129C00380000,USD,1574985600.0,0.42774009765625004,0.0,3.34,1574187176.0,0.0,85.55556,380.0,1404.0
68,2.66,2.61,1.16,REGULAR,TSLA191129C00385000,USD,1574985600.0,0.44067942138671873,0.0,2.59,1574186931.0,411.0,81.11888,385.0,469.0
69,2.09,2.06,0.9499999,REGULAR,TSLA191129C00390000,USD,1574985600.0,0.4514215014648438,0.0,2.05,1574187155.0,0.0,86.363625,390.0,485.0
70,1.65,1.63,0.75,REGULAR,TSLA191129C00395000,USD,1574985600.0,0.46252978881835943,0.0,1.61,1574186956.0,387.0,87.2093,395.0,308.0
71,1.34,1.31,0.62000006,REGULAR,TSLA191129C00400000,USD,1574985600.0,0.4766898034667969,0.0,1.32,1574187155.0,3345.0,88.57144,400.0,2568.0
72,1.09,1.07,0.45,REGULAR,TSLA191129C00405000,USD,1574985600.0,0.4899953344726563,0.0,1.02,1574186952.0,190.0,78.94737,405.0,89.0
73,0.9,0.87,0.45999998,REGULAR,TSLA191129C00410000,USD,1574985600.0,0.5024463818359376,0.0,0.9,1574186885.0,261.0,104.54545,410.0,164.0
74,0.75,0.72,0.39000002,REGULAR,TSLA191129C00415000,USD,1574985600.0,0.5163622583007812,0.0,0.72,1574187105.0,257.0,118.181816,415.0,21.0
75,0.64,0.6,0.25999996,REGULAR,TSLA191129C00420000,USD,1574985600.0,0.5312546875,0.0,0.59,1574186962.0,0.0,78.787865,420.0,82.0
76,0.54,0.51,0.19999999,REGULAR,TSLA191129C00425000,USD,1574985600.0,0.5454147021484376,0.0,0.45,1574186330.0,0.0,79.99999,425.0,68.0
77,0.46,0.43,0.21999998,REGULAR,TSLA191129C00430000,USD,1574985600.0,0.5590864404296876,0.0,0.45,1574186796.0,296.0,95.65216,430.0,67.0
78,0.39,0.37,0.22,REGULAR,TSLA191129C00435000,USD,1574985600.0,0.5727581787109376,0.0,0.4,1574185832.0,111.0,122.22221,435.0,17.0
79,0.34,0.31,0.07000002,REGULAR,TSLA191129C00440000,USD,1574985600.0,0.5854533642578125,0.0,0.33,1574186116.0,189.0,26.923088,440.0,28.0
80,0.29,0.27,0.17,REGULAR,TSLA191129C00445000,USD,1574985600.0,0.5986368261718751,0.0,0.28,1574186921.0,0.0,154.54546,445.0,48.0
81,0.26,0.23,0.14999999,REGULAR,TSLA191129C00450000,USD,1574985600.0,0.6123085644531252,0.0,0.26,1574186833.0,0.0,136.36363,450.0,284.0
82,0.24,0.19,0.019999996,REGULAR,TSLA191129C00455000,USD,1574985600.0,0.6259803027343751,0.0,0.19,1574185100.0,43.0,11.764703,455.0,3.0
83,0.21,0.17,0.0,REGULAR,TSLA191129C00460000,USD,1574985600.0,0.63867548828125,0.0,0.15,1574098799.0,,0.0,460.0,20.0
84,0.19,0.15,0.0,REGULAR,TSLA191129C00465000,USD,1574985600.0,0.6533237792968751,0.0,0.07,1574107509.0,,0.0,465.0,42.0
85,0.16,0.13,0.020000003,REGULAR,TSLA191129C00470000,USD,1574985600.0,0.6621127539062501,0.0,0.14,1574185775.0,46.0,16.66667,470.0,29.0
86,0.15,0.11,0.06,REGULAR,TSLA191129C00475000,USD,1574985600.0,0.6757844921875001,0.0,0.12,1574183494.0,,100.0,475.0,9.0
87,0.13,0.1,0.030000001,REGULAR,TSLA191129C00480000,USD,1574985600.0,0.6875031250000001,0.0,0.07,1574182289.0,,75.00001,480.0,44.0
88,0.1,0.09,0.0,REGULAR,TSLA191129C00485000,USD,1574985600.0,0.692385888671875,0.0,0.08,1574184125.0,,0.0,485.0,3.0
89,0.12,0.06,-0.040000003,REGULAR,TSLA191129C00490000,USD,1574985600.0,0.70898728515625,0.0,0.06,1574182687.0,24.0,-40.000004,490.0,2.0
90,0.11,0.04,0.0,REGULAR,TSLA191129C00495000,USD,1574985600.0,0.7148466015625,0.0,0.04,1574087400.0,,0.0,495.0,2.0
91,0.09,0.07,0.02,REGULAR,TSLA191129C00500000,USD,1574985600.0,0.7382838671874999,0.0,0.07,1574185572.0,43.0,39.999996,500.0,22.0
